0 khushi 0 1000 1000 1 8 2021 19 57 47
1 HELLO 0 14500 14500 6 8 2021 23 17 31
0  917504 1000 918504 6 8 2021 23 18 71 person1 0 10000 10000 6 8 2021 23 19 50
1 person2 0 4000 4000 6 8 2021 23 21 47
1 afh 0 0 0 7 8 2021 1 3 53
1  0 0 0 7 8 2021 1 4 11
1 abc 0 1230 1230 7 8 2021 1 5 5
0  917504 14500 932004 7 8 2021 1 6 4643 j 0 7403264 7403264 7 8 2021 13 34 31
43 KHUSHI 0 15000 15000 7 8 2021 13 37 20
39857 c‹×øàH 32763 1200 1687 7 8 2021 13 38 41
39857 c‹×øàH 32763 1500 1987 7 8 2021 13 39 51
